K=4,D=3,N=1000
815.00 444.00 701.00 
39.00 554.00 339.00 
743.00 514.00 981.00 
551.00 481.00 615.00 
415.00 3.00 5.00 
9.00 551.00 996.00 
736.00 931.00 685.00 
165.00 712.00 967.00 
459.00 867.00 516.00 
885.00 522.00 813.00 
531.00 500.00 33.00 
199.00 657.00 146.00 
390.00 134.00 160.00 
756.00 107.00 635.00 
799.00 97.00 240.00 
983.00 903.00 181.00 
261.00 708.00 530.00 
400.00 806.00 989.00 
386.00 391.00 178.00 
757.00 654.00 189.00 
34.00 270.00 381.00 
678.00 142.00 455.00 
591.00 885.00 634.00 
783.00 769.00 141.00 
644.00 975.00 889.00 
640.00 750.00 299.00 
618.00 436.00 120.00 
771.00 877.00 399.00 
766.00 998.00 393.00 
161.00 820.00 991.00 
425.00 596.00 231.00 
691.00 286.00 851.00 
793.00 512.00 848.00 
466.00 908.00 672.00 
672.00 615.00 997.00 
598.00 918.00 992.00 
951.00 185.00 696.00 
387.00 544.00 187.00 
14.00 466.00 205.00 
527.00 975.00 803.00 
58.00 800.00 387.00 
682.00 633.00 765.00 
431.00 708.00 165.00 
78.00 558.00 755.00 
866.00 89.00 251.00 
284.00 107.00 940.00 
835.00 559.00 879.00 
782.00 964.00 800.00 
479.00 368.00 961.00 
795.00 791.00 818.00 
654.00 1000.00 95.00 
822.00 879.00 681.00 
792.00 84.00 286.00 
96.00 970.00 266.00 
629.00 273.00 193.00 
229.00 168.00 406.00 
443.00 839.00 369.00 
400.00 603.00 136.00 
531.00 601.00 404.00 
131.00 517.00 234.00 
226.00 20.00 234.00 
589.00 667.00 98.00 
20.00 482.00 292.00 
149.00 600.00 17.00 
454.00 597.00 753.00 
199.00 605.00 195.00 
370.00 398.00 6.00 
543.00 32.00 233.00 
220.00 202.00 786.00 
869.00 327.00 698.00 
264.00 291.00 240.00 
189.00 800.00 566.00 
42.00 80.00 714.00 
628.00 747.00 368.00 
402.00 629.00 389.00 
995.00 401.00 365.00 
850.00 994.00 80.00 
834.00 329.00 703.00 
115.00 431.00 861.00 
839.00 401.00 841.00 
788.00 698.00 564.00 
128.00 596.00 285.00 
719.00 80.00 17.00 
621.00 643.00 323.00 
802.00 51.00 5.00 
247.00 81.00 794.00 
827.00 264.00 704.00 
541.00 807.00 440.00 
475.00 379.00 692.00 
24.00 687.00 812.00 
328.00 910.00 859.00 
168.00 561.00 563.00 
89.00 175.00 638.00 
438.00 921.00 985.00 
270.00 423.00 135.00 
420.00 2.00 341.00 
369.00 731.00 64.00 
42.00 980.00 656.00 
338.00 103.00 41.00 
36.00 618.00 697.00 
891.00 794.00 801.00 
625.00 143.00 547.00 
180.00 71.00 545.00 
635.00 487.00 104.00 
616.00 840.00 841.00 
442.00 454.00 598.00 
267.00 540.00 620.00 
953.00 929.00 501.00 
517.00 67.00 744.00 
864.00 151.00 545.00 
529.00 793.00 697.00 
363.00 335.00 690.00 
774.00 685.00 128.00 
784.00 819.00 342.00 
475.00 696.00 493.00 
260.00 384.00 551.00 
498.00 617.00 956.00 
626.00 735.00 8.00 
19.00 101.00 188.00 
406.00 375.00 920.00 
463.00 183.00 842.00 
309.00 360.00 4.00 
725.00 969.00 417.00 
836.00 892.00 488.00 
800.00 884.00 95.00 
992.00 475.00 726.00 
704.00 576.00 39.00 
415.00 505.00 539.00 
143.00 856.00 711.00 
957.00 897.00 212.00 
864.00 625.00 166.00 
635.00 756.00 901.00 
166.00 108.00 50.00 
478.00 268.00 659.00 
740.00 627.00 408.00 
753.00 118.00 921.00 
17.00 124.00 393.00 
999.00 877.00 836.00 
632.00 375.00 807.00 
859.00 166.00 842.00 
578.00 931.00 123.00 
489.00 980.00 991.00 
250.00 878.00 433.00 
972.00 667.00 392.00 
56.00 222.00 723.00 
301.00 591.00 348.00 
599.00 574.00 103.00 
748.00 820.00 960.00 
848.00 630.00 337.00 
387.00 221.00 788.00 
323.00 182.00 197.00 
915.00 347.00 179.00 
156.00 746.00 85.00 
209.00 510.00 798.00 
217.00 41.00 40.00 
998.00 673.00 267.00 
333.00 974.00 872.00 
193.00 252.00 298.00 
137.00 254.00 814.00 
454.00 900.00 982.00 
409.00 818.00 905.00 
63.00 752.00 422.00 
12.00 516.00 477.00 
804.00 804.00 516.00 
777.00 698.00 621.00 
911.00 9.00 865.00 
201.00 936.00 646.00 
841.00 556.00 180.00 
511.00 879.00 276.00 
332.00 672.00 871.00 
883.00 726.00 927.00 
531.00 415.00 225.00 
272.00 616.00 875.00 
479.00 256.00 473.00 
729.00 80.00 645.00 
686.00 82.00 646.00 
285.00 109.00 701.00 
377.00 575.00 67.00 
546.00 91.00 459.00 
3.00 952.00 302.00 
348.00 349.00 129.00 
339.00 863.00 916.00 
137.00 64.00 815.00 
568.00 974.00 204.00 
338.00 469.00 967.00 
834.00 558.00 685.00 
82.00 44.00 722.00 
422.00 349.00 315.00 
193.00 677.00 22.00 
640.00 207.00 588.00 
659.00 928.00 802.00 
264.00 763.00 699.00 
834.00 369.00 137.00 
634.00 474.00 255.00 
630.00 982.00 100.00 
913.00 402.00 373.00 
987.00 523.00 387.00 
61.00 702.00 901.00 
100.00 131.00 610.00 
599.00 444.00 696.00 
397.00 959.00 676.00 
629.00 22.00 896.00 
189.00 838.00 990.00 
689.00 262.00 643.00 
370.00 559.00 442.00 
260.00 449.00 331.00 
702.00 944.00 440.00 
935.00 43.00 809.00 
142.00 51.00 693.00 
862.00 962.00 670.00 
554.00 285.00 202.00 
847.00 59.00 483.00 
29.00 435.00 94.00 
948.00 13.00 84.00 
140.00 458.00 657.00 
271.00 293.00 642.00 
824.00 659.00 315.00 
451.00 452.00 562.00 
378.00 554.00 488.00 
783.00 647.00 203.00 
418.00 633.00 375.00 
588.00 326.00 388.00 
648.00 221.00 876.00 
974.00 447.00 373.00 
114.00 168.00 181.00 
99.00 520.00 85.00 
347.00 889.00 194.00 
237.00 472.00 456.00 
592.00 950.00 999.00 
722.00 718.00 412.00 
260.00 502.00 179.00 
136.00 210.00 944.00 
6.00 125.00 63.00 
234.00 645.00 513.00 
497.00 616.00 37.00 
960.00 575.00 246.00 
175.00 603.00 47.00 
915.00 61.00 810.00 
183.00 175.00 457.00 
553.00 797.00 892.00 
340.00 661.00 615.00 
767.00 477.00 734.00 
644.00 847.00 6.00 
9.00 705.00 566.00 
451.00 958.00 774.00 
335.00 56.00 887.00 
294.00 231.00 869.00 
333.00 119.00 795.00 
458.00 531.00 240.00 
482.00 677.00 731.00 
943.00 802.00 395.00 
661.00 574.00 659.00 
575.00 888.00 545.00 
948.00 627.00 395.00 
758.00 918.00 439.00 
123.00 90.00 345.00 
977.00 781.00 91.00 
47.00 881.00 690.00 
572.00 756.00 947.00 
959.00 217.00 906.00 
916.00 750.00 890.00 
343.00 455.00 946.00 
780.00 496.00 766.00 
966.00 59.00 53.00 
697.00 44.00 186.00 
648.00 788.00 726.00 
538.00 618.00 139.00 
879.00 501.00 338.00 
521.00 995.00 692.00 
183.00 625.00 59.00 
469.00 633.00 864.00 
782.00 371.00 565.00 
622.00 457.00 660.00 
255.00 376.00 241.00 
615.00 126.00 577.00 
125.00 734.00 770.00 
704.00 393.00 493.00 
279.00 408.00 828.00 
839.00 409.00 129.00 
473.00 51.00 619.00 
117.00 203.00 132.00 
506.00 246.00 904.00 
401.00 674.00 530.00 
544.00 419.00 566.00 
763.00 893.00 925.00 
286.00 158.00 213.00 
928.00 955.00 428.00 
655.00 609.00 613.00 
184.00 678.00 203.00 
218.00 78.00 259.00 
497.00 760.00 581.00 
168.00 122.00 22.00 
817.00 103.00 275.00 
31.00 346.00 959.00 
44.00 715.00 313.00 
9.00 979.00 809.00 
864.00 288.00 76.00 
528.00 230.00 950.00 
824.00 59.00 399.00 
887.00 470.00 382.00 
772.00 391.00 164.00 
460.00 705.00 137.00 
139.00 335.00 363.00 
268.00 573.00 153.00 
764.00 864.00 305.00 
648.00 447.00 581.00 
50.00 126.00 649.00 
738.00 268.00 472.00 
412.00 622.00 356.00 
214.00 515.00 317.00 
300.00 171.00 645.00 
815.00 465.00 729.00 
710.00 702.00 661.00 
258.00 702.00 196.00 
151.00 715.00 13.00 
824.00 752.00 963.00 
614.00 508.00 692.00 
826.00 999.00 354.00 
375.00 427.00 308.00 
921.00 703.00 829.00 
525.00 239.00 133.00 
514.00 163.00 383.00 
94.00 734.00 346.00 
858.00 951.00 256.00 
683.00 592.00 150.00 
548.00 852.00 814.00 
715.00 917.00 296.00 
594.00 740.00 653.00 
930.00 338.00 46.00 
687.00 282.00 3.00 
647.00 813.00 954.00 
328.00 192.00 995.00 
825.00 852.00 28.00 
796.00 897.00 8.00 
50.00 453.00 186.00 
65.00 992.00 637.00 
572.00 211.00 308.00 
423.00 6.00 551.00 
311.00 508.00 991.00 
294.00 716.00 204.00 
729.00 932.00 250.00 
230.00 857.00 668.00 
480.00 854.00 157.00 
888.00 523.00 395.00 
175.00 960.00 782.00 
629.00 122.00 130.00 
378.00 125.00 993.00 
802.00 424.00 48.00 
288.00 996.00 802.00 
448.00 260.00 234.00 
598.00 585.00 78.00 
676.00 853.00 302.00 
822.00 745.00 781.00 
989.00 721.00 61.00 
118.00 166.00 527.00 
931.00 751.00 219.00 
435.00 209.00 293.00 
312.00 469.00 778.00 
739.00 17.00 719.00 
452.00 893.00 685.00 
350.00 578.00 689.00 
95.00 785.00 111.00 
82.00 406.00 967.00 
457.00 660.00 951.00 
107.00 846.00 631.00 
900.00 827.00 540.00 
344.00 316.00 97.00 
632.00 1000.00 654.00 
883.00 737.00 708.00 
213.00 903.00 351.00 
543.00 590.00 400.00 
148.00 764.00 653.00 
341.00 18.00 842.00 
75.00 942.00 102.00 
466.00 951.00 938.00 
629.00 165.00 544.00 
484.00 817.00 728.00 
667.00 114.00 632.00 
47.00 760.00 651.00 
683.00 569.00 171.00 
480.00 27.00 994.00 
687.00 85.00 176.00 
381.00 836.00 266.00 
85.00 320.00 998.00 
928.00 389.00 325.00 
854.00 866.00 697.00 
102.00 203.00 436.00 
194.00 851.00 678.00 
522.00 351.00 260.00 
400.00 720.00 27.00 
341.00 86.00 119.00 
724.00 768.00 659.00 
609.00 300.00 879.00 
877.00 112.00 905.00 
983.00 23.00 636.00 
431.00 147.00 182.00 
578.00 247.00 103.00 
135.00 153.00 512.00 
443.00 409.00 390.00 
836.00 749.00 497.00 
567.00 585.00 824.00 
808.00 520.00 590.00 
671.00 344.00 708.00 
561.00 380.00 664.00 
463.00 980.00 582.00 
151.00 311.00 748.00 
624.00 112.00 788.00 
380.00 115.00 759.00 
637.00 16.00 14.00 
577.00 815.00 40.00 
902.00 132.00 201.00 
580.00 599.00 843.00 
414.00 679.00 786.00 
736.00 647.00 410.00 
783.00 744.00 932.00 
715.00 146.00 540.00 
727.00 266.00 226.00 
479.00 245.00 104.00 
362.00 645.00 419.00 
361.00 858.00 555.00 
928.00 822.00 392.00 
542.00 163.00 641.00 
29.00 352.00 565.00 
954.00 480.00 986.00 
226.00 702.00 773.00 
316.00 167.00 423.00 
988.00 505.00 190.00 
317.00 207.00 773.00 
726.00 334.00 353.00 
523.00 564.00 603.00 
48.00 373.00 891.00 
949.00 171.00 118.00 
524.00 804.00 258.00 
155.00 767.00 282.00 
401.00 401.00 774.00 
699.00 814.00 239.00 
843.00 324.00 700.00 
517.00 537.00 639.00 
602.00 141.00 42.00 
890.00 875.00 278.00 
667.00 210.00 438.00 
717.00 895.00 92.00 
472.00 411.00 887.00 
510.00 210.00 726.00 
845.00 436.00 479.00 
444.00 151.00 69.00 
150.00 27.00 670.00 
542.00 156.00 204.00 
137.00 378.00 226.00 
386.00 34.00 499.00 
998.00 950.00 854.00 
51.00 665.00 928.00 
166.00 831.00 811.00 
125.00 385.00 607.00 
593.00 197.00 656.00 
96.00 922.00 733.00 
749.00 888.00 808.00 
849.00 385.00 110.00 
513.00 348.00 888.00 
85.00 676.00 967.00 
574.00 795.00 72.00 
739.00 782.00 404.00 
145.00 6.00 957.00 
649.00 982.00 122.00 
685.00 350.00 892.00 
355.00 88.00 848.00 
223.00 46.00 492.00 
635.00 597.00 533.00 
761.00 964.00 206.00 
890.00 223.00 716.00 
330.00 1000.00 565.00 
315.00 731.00 996.00 
640.00 954.00 77.00 
604.00 556.00 938.00 
65.00 420.00 982.00 
398.00 378.00 644.00 
60.00 185.00 155.00 
313.00 833.00 198.00 
105.00 561.00 600.00 
949.00 955.00 926.00 
103.00 636.00 348.00 
257.00 943.00 506.00 
886.00 233.00 148.00 
791.00 441.00 34.00 
280.00 994.00 417.00 
193.00 5.00 819.00 
101.00 163.00 523.00 
506.00 770.00 624.00 
758.00 869.00 703.00 
72.00 734.00 815.00 
758.00 706.00 21.00 
614.00 671.00 164.00 
673.00 720.00 733.00 
115.00 557.00 410.00 
998.00 262.00 477.00 
21.00 678.00 771.00 
13.00 85.00 891.00 
668.00 458.00 115.00 
405.00 221.00 784.00 
349.00 542.00 860.00 
28.00 218.00 895.00 
641.00 2.00 825.00 
19.00 808.00 753.00 
215.00 748.00 466.00 
650.00 714.00 290.00 
912.00 529.00 129.00 
769.00 642.00 795.00 
76.00 362.00 572.00 
877.00 224.00 676.00 
507.00 959.00 743.00 
555.00 379.00 377.00 
722.00 929.00 295.00 
603.00 853.00 898.00 
927.00 212.00 154.00 
687.00 263.00 740.00 
12.00 640.00 263.00 
846.00 333.00 894.00 
447.00 673.00 76.00 
906.00 944.00 827.00 
950.00 481.00 37.00 
863.00 562.00 457.00 
734.00 710.00 795.00 
702.00 388.00 910.00 
686.00 589.00 920.00 
108.00 610.00 589.00 
642.00 672.00 20.00 
154.00 251.00 871.00 
556.00 535.00 985.00 
501.00 778.00 699.00 
508.00 381.00 316.00 
998.00 526.00 606.00 
726.00 742.00 690.00 
983.00 812.00 340.00 
799.00 542.00 719.00 
161.00 838.00 534.00 
557.00 774.00 895.00 
823.00 858.00 717.00 
468.00 78.00 626.00 
457.00 213.00 662.00 
279.00 698.00 645.00 
646.00 253.00 688.00 
841.00 830.00 558.00 
687.00 668.00 187.00 
56.00 246.00 559.00 
648.00 752.00 459.00 
391.00 611.00 881.00 
842.00 468.00 101.00 
55.00 997.00 163.00 
971.00 278.00 707.00 
241.00 71.00 84.00 
640.00 393.00 761.00 
597.00 293.00 10.00 
708.00 790.00 351.00 
743.00 342.00 713.00 
109.00 860.00 910.00 
993.00 112.00 945.00 
494.00 369.00 676.00 
965.00 943.00 543.00 
441.00 239.00 89.00 
152.00 612.00 338.00 
175.00 102.00 43.00 
445.00 895.00 91.00 
834.00 213.00 944.00 
558.00 572.00 649.00 
501.00 878.00 895.00 
47.00 538.00 56.00 
528.00 521.00 366.00 
717.00 438.00 146.00 
319.00 664.00 281.00 
259.00 997.00 795.00 
780.00 928.00 952.00 
652.00 208.00 152.00 
248.00 382.00 616.00 
790.00 774.00 405.00 
970.00 773.00 746.00 
551.00 855.00 621.00 
278.00 960.00 900.00 
797.00 444.00 527.00 
574.00 929.00 732.00 
163.00 526.00 437.00 
295.00 662.00 102.00 
590.00 911.00 454.00 
217.00 518.00 51.00 
26.00 224.00 234.00 
965.00 281.00 947.00 
162.00 192.00 638.00 
519.00 243.00 404.00 
131.00 198.00 107.00 
976.00 308.00 809.00 
384.00 213.00 193.00 
969.00 649.00 613.00 
111.00 748.00 62.00 
92.00 640.00 930.00 
208.00 568.00 484.00 
525.00 195.00 814.00 
542.00 687.00 517.00 
985.00 953.00 698.00 
726.00 720.00 402.00 
176.00 443.00 239.00 
473.00 150.00 742.00 
326.00 313.00 184.00 
424.00 613.00 408.00 
171.00 236.00 66.00 
743.00 994.00 539.00 
93.00 124.00 666.00 
482.00 152.00 950.00 
153.00 195.00 302.00 
214.00 487.00 41.00 
566.00 11.00 368.00 
450.00 545.00 343.00 
886.00 386.00 167.00 
487.00 524.00 947.00 
986.00 726.00 105.00 
161.00 937.00 706.00 
831.00 486.00 951.00 
219.00 77.00 57.00 
339.00 672.00 90.00 
211.00 351.00 46.00 
258.00 315.00 808.00 
603.00 90.00 432.00 
232.00 145.00 586.00 
858.00 361.00 89.00 
127.00 60.00 457.00 
143.00 565.00 43.00 
338.00 877.00 650.00 
680.00 499.00 949.00 
467.00 39.00 267.00 
284.00 25.00 234.00 
371.00 981.00 667.00 
832.00 847.00 229.00 
439.00 348.00 675.00 
12.00 101.00 856.00 
65.00 893.00 910.00 
263.00 782.00 643.00 
846.00 243.00 435.00 
9.00 436.00 408.00 
125.00 400.00 827.00 
704.00 358.00 766.00 
267.00 591.00 633.00 
457.00 652.00 32.00 
613.00 345.00 293.00 
813.00 277.00 983.00 
563.00 234.00 969.00 
86.00 570.00 708.00 
746.00 118.00 526.00 
279.00 924.00 264.00 
960.00 615.00 248.00 
565.00 432.00 484.00 
568.00 504.00 903.00 
265.00 440.00 817.00 
429.00 511.00 569.00 
817.00 312.00 99.00 
472.00 4.00 386.00 
1.00 293.00 257.00 
588.00 207.00 166.00 
364.00 464.00 826.00 
33.00 207.00 771.00 
900.00 319.00 342.00 
833.00 967.00 381.00 
293.00 805.00 894.00 
125.00 313.00 500.00 
20.00 709.00 913.00 
935.00 134.00 726.00 
927.00 263.00 324.00 
787.00 401.00 224.00 
228.00 893.00 86.00 
799.00 713.00 521.00 
812.00 200.00 519.00 
819.00 537.00 868.00 
898.00 814.00 331.00 
625.00 774.00 51.00 
100.00 643.00 469.00 
556.00 309.00 386.00 
502.00 538.00 509.00 
171.00 525.00 735.00 
922.00 522.00 893.00 
806.00 891.00 954.00 
927.00 679.00 458.00 
361.00 384.00 261.00 
860.00 652.00 176.00 
417.00 225.00 794.00 
856.00 615.00 241.00 
921.00 921.00 166.00 
88.00 667.00 444.00 
434.00 415.00 368.00 
83.00 949.00 629.00 
304.00 981.00 816.00 
298.00 629.00 610.00 
327.00 930.00 146.00 
65.00 190.00 930.00 
582.00 860.00 267.00 
986.00 527.00 748.00 
245.00 705.00 677.00 
598.00 128.00 739.00 
563.00 857.00 976.00 
216.00 390.00 633.00 
776.00 737.00 174.00 
930.00 866.00 726.00 
809.00 63.00 819.00 
420.00 231.00 785.00 
180.00 268.00 339.00 
162.00 976.00 33.00 
819.00 714.00 397.00 
368.00 535.00 878.00 
559.00 156.00 639.00 
293.00 754.00 388.00 
58.00 966.00 90.00 
866.00 520.00 830.00 
930.00 506.00 759.00 
740.00 39.00 526.00 
72.00 427.00 839.00 
307.00 882.00 451.00 
685.00 190.00 448.00 
673.00 561.00 10.00 
400.00 293.00 109.00 
639.00 242.00 962.00 
391.00 314.00 473.00 
30.00 300.00 45.00 
508.00 430.00 13.00 
871.00 24.00 252.00 
402.00 252.00 907.00 
527.00 805.00 381.00 
452.00 253.00 68.00 
687.00 970.00 203.00 
259.00 320.00 460.00 
533.00 958.00 897.00 
500.00 729.00 540.00 
284.00 17.00 929.00 
345.00 708.00 87.00 
135.00 152.00 962.00 
433.00 369.00 854.00 
8.00 754.00 279.00 
746.00 733.00 572.00 
250.00 329.00 162.00 
726.00 536.00 43.00 
892.00 183.00 444.00 
820.00 43.00 324.00 
116.00 886.00 494.00 
352.00 922.00 693.00 
694.00 987.00 5.00 
413.00 827.00 93.00 
13.00 873.00 611.00 
414.00 533.00 363.00 
513.00 47.00 281.00 
204.00 658.00 834.00 
560.00 495.00 226.00 
316.00 28.00 937.00 
597.00 403.00 301.00 
144.00 44.00 425.00 
426.00 347.00 249.00 
718.00 758.00 897.00 
419.00 396.00 265.00 
469.00 284.00 468.00 
794.00 387.00 774.00 
961.00 339.00 958.00 
624.00 198.00 822.00 
230.00 728.00 892.00 
444.00 84.00 484.00 
209.00 117.00 63.00 
943.00 459.00 13.00 
840.00 28.00 573.00 
766.00 732.00 597.00 
11.00 361.00 181.00 
656.00 278.00 226.00 
583.00 477.00 681.00 
575.00 391.00 917.00 
500.00 522.00 893.00 
711.00 222.00 7.00 
567.00 37.00 996.00 
57.00 421.00 106.00 
964.00 412.00 233.00 
87.00 625.00 60.00 
81.00 127.00 891.00 
695.00 82.00 763.00 
988.00 647.00 743.00 
492.00 854.00 296.00 
832.00 797.00 203.00 
518.00 163.00 394.00 
899.00 187.00 223.00 
995.00 798.00 266.00 
28.00 353.00 726.00 
508.00 124.00 893.00 
729.00 324.00 136.00 
682.00 270.00 816.00 
773.00 45.00 523.00 
532.00 694.00 590.00 
410.00 965.00 141.00 
934.00 554.00 324.00 
747.00 903.00 797.00 
612.00 421.00 502.00 
431.00 547.00 724.00 
411.00 816.00 343.00 
637.00 316.00 520.00 
902.00 121.00 840.00 
663.00 428.00 389.00 
352.00 590.00 12.00 
292.00 453.00 558.00 
202.00 711.00 401.00 
579.00 110.00 384.00 
269.00 72.00 65.00 
59.00 109.00 492.00 
359.00 383.00 912.00 
584.00 113.00 431.00 
635.00 418.00 791.00 
290.00 85.00 866.00 
394.00 596.00 937.00 
676.00 874.00 425.00 
665.00 791.00 782.00 
463.00 680.00 86.00 
703.00 846.00 429.00 
160.00 486.00 570.00 
774.00 358.00 819.00 
907.00 397.00 662.00 
174.00 694.00 533.00 
618.00 646.00 932.00 
809.00 957.00 731.00 
589.00 460.00 50.00 
561.00 11.00 721.00 
881.00 637.00 854.00 
657.00 663.00 585.00 
934.00 227.00 779.00 
970.00 915.00 860.00 
189.00 697.00 232.00 
310.00 964.00 33.00 
146.00 100.00 103.00 
778.00 362.00 308.00 
293.00 613.00 97.00 
988.00 762.00 175.00 
3.00 17.00 881.00 
856.00 867.00 625.00 
682.00 896.00 481.00 
415.00 930.00 770.00 
588.00 136.00 927.00 
422.00 323.00 3.00 
684.00 359.00 38.00 
833.00 631.00 153.00 
930.00 785.00 515.00 
371.00 378.00 995.00 
643.00 470.00 381.00 
860.00 128.00 682.00 
21.00 285.00 293.00 
429.00 353.00 648.00 
892.00 295.00 613.00 
780.00 292.00 78.00 
178.00 736.00 298.00 
973.00 152.00 633.00 
747.00 395.00 17.00 
351.00 544.00 491.00 
223.00 359.00 306.00 
859.00 158.00 460.00 
237.00 516.00 363.00 
741.00 431.00 638.00 
444.00 489.00 226.00 
108.00 547.00 373.00 
788.00 405.00 825.00 
671.00 564.00 854.00 
804.00 811.00 772.00 
784.00 33.00 22.00 
583.00 616.00 954.00 
365.00 144.00 411.00 
378.00 936.00 106.00 
915.00 472.00 507.00 
808.00 629.00 682.00 
407.00 777.00 932.00 
475.00 903.00 700.00 
801.00 325.00 879.00 
519.00 137.00 836.00 
81.00 812.00 256.00 
420.00 719.00 115.00 
545.00 423.00 706.00 
333.00 851.00 117.00 
309.00 914.00 593.00 
460.00 499.00 920.00 
166.00 26.00 777.00 
668.00 643.00 18.00 
766.00 93.00 317.00 
768.00 338.00 483.00 
114.00 627.00 564.00 
753.00 401.00 654.00 
270.00 904.00 234.00 
14.00 479.00 829.00 
559.00 482.00 511.00 
122.00 418.00 967.00 
42.00 44.00 670.00 
464.00 881.00 305.00 
274.00 324.00 763.00 
814.00 664.00 277.00 
930.00 57.00 232.00 
82.00 788.00 263.00 
470.00 239.00 411.00 
998.00 793.00 643.00 
188.00 369.00 574.00 
610.00 378.00 471.00 
417.00 168.00 868.00 
238.00 216.00 17.00 
907.00 375.00 16.00 
74.00 100.00 491.00 
207.00 4.00 445.00 
123.00 94.00 642.00 
687.00 788.00 365.00 
711.00 783.00 723.00 
491.00 755.00 744.00 
473.00 588.00 671.00 
652.00 983.00 770.00 
766.00 113.00 341.00 
539.00 737.00 948.00 
845.00 214.00 481.00 
392.00 534.00 967.00 
136.00 578.00 845.00 
461.00 275.00 601.00 
560.00 649.00 638.00 
931.00 688.00 753.00 
330.00 464.00 440.00 
951.00 865.00 982.00 
962.00 817.00 997.00 
320.00 973.00 25.00 
709.00 5.00 965.00 
371.00 288.00 657.00 
133.00 623.00 888.00 
930.00 666.00 249.00 
483.00 276.00 590.00 
538.00 620.00 311.00 
783.00 157.00 875.00 
70.00 352.00 670.00 
424.00 922.00 994.00 
52.00 628.00 438.00 
535.00 722.00 45.00 
984.00 266.00 145.00 
769.00 323.00 260.00 
509.00 507.00 11.00 
313.00 530.00 299.00 
865.00 669.00 905.00 
285.00 281.00 180.00 
441.00 431.00 691.00 
70.00 408.00 610.00 
934.00 946.00 125.00 
957.00 825.00 211.00 
329.00 892.00 699.00 
559.00 350.00 731.00 
221.00 669.00 615.00 
272.00 234.00 793.00 
534.00 285.00 926.00 
371.00 280.00 296.00 
107.00 330.00 498.00 
570.00 863.00 240.00 
481.00 719.00 386.00 
964.00 843.00 813.00 
240.00 965.00 206.00 
427.00 867.00 937.00 
958.00 510.00 590.00 
893.00 587.00 492.00 
920.00 394.00 645.00 
538.00 426.00 50.00 
849.00 345.00 961.00 
967.00 376.00 394.00 
527.00 286.00 866.00 
74.00 550.00 478.00 
169.00 557.00 854.00 
542.00 365.00 858.00 
115.00 774.00 95.00 
976.00 75.00 249.00 
730.00 510.00 296.00 
686.00 404.00 684.00 
734.00 844.00 453.00 
155.00 922.00 106.00 
281.00 538.00 32.00 
414.00 194.00 34.00 
608.00 198.00 223.00 
81.00 239.00 469.00 
477.00 425.00 973.00 
727.00 46.00 527.00 
726.00 834.00 2.00 
697.00 494.00 520.00 
510.00 879.00 629.00 
668.00 591.00 483.00 
975.00 43.00 575.00 
167.00 132.00 612.00 
752.00 986.00 644.00 
115.00 281.00 807.00 
377.00 53.00 868.00 
398.00 880.00 731.00 
250.00 94.00 1.00 
525.00 19.00 456.00 
554.00 27.00 815.00 
813.00 295.00 222.00 
418.00 115.00 9.00 
357.00 775.00 977.00 
986.00 648.00 483.00 
349.00 652.00 502.00 
774.00 691.00 655.00 
384.00 521.00 80.00 
179.00 5.00 302.00 
141.00 764.00 982.00 
52.00 223.00 422.00 
621.00 330.00 706.00 
321.00 985.00 745.00 
867.00 823.00 904.00 
556.00 196.00 163.00 
74.00 987.00 574.00 
531.00 914.00 290.00 
